week1:0.721756646801526
week2:0.6513034397013348
week3:0.6600439499395233
week4:0.6400944514732708
week5:0.6200757259247053
week6:0.7022088040899963
week7:0.6047723611347406
week8:0.6366255760817464
week9:0.6602168736822828
week10:0.6296270130015688
week11:0.702993954653349
week12:0.7957701592346977
week13:0.631624367627417
week14:0.6471684093144385
week15:0.5948817981747356
week16:0.662624162515626